67
30
92
53
6
15
21
69
7
18
79
50
34
0
55
0
35
47
25
21
47
7
67
52
39
6
93
19
54
58
73
52
62
23
75
75
87
25
4
8
12
88
28
94
56
68
13
16
40
55
99
61
10
39
22
79
21
58
24
98
22
34
49
3
93
30
76
8
43
54
63
17
69
68
10
9
98
2
91
36
32
42
6
90
51
57
49
21
84
2
62
1
88
75
98
89
83
70
95
0
49
70
41
55
95
8
17
92
56
6
40
16
18
32
97
51
4
82
13
12
81
63
1
90
70
73
78
7
76
27
93
42
99
17
14
20
2
46
2
16
6
72
19
27
86
2
37
16
77
48
88
72
19
3
36
69
45
33
13
71
30
38
31
45
52
60
94
22
86
33
52
25
43
62
19
86
45
26
67
6
18
17
83
88
0
83
90
31
37
70
70
45
17
67
22
89
46
95
18
51
48
88
76
28
1
38
35
21
39
12
80
72
7
26
12
89
18
58
12
91
48
76
35
1
39
1
40
74
80
73
30
1
37
79
46
16
47
28
63
72
79
98
73
16
44
2
91
34
94
30
64
65
83
72
87
26
79
62
36
9
26
9
13
55
60
4
1
99
4
79
2
32
48
23
88
59
97
59
84
0
57
90
45
26
99
50
17
16
89
46
96
97
51
89
40
88
89
17
63
56
97
48
74
85
44
12
20
33
19
69
19
6
1
93
24
11
12
38
47
15
36
13
70
51
30
42
69
50
30
29
63
1
3
90
70
61
80
6
65
34
38
40
24
76
39
78
74
25
94
31
26
73
2
78
80
59
74
49
72
60
63
62
90
85
77
49
93
40
79
49
44
76
71
9
23
20
97
34
65
56
40
52
63
95
83
52
98
46
49
91
21
81
0
55
67
38
51
31
0
22
67
75
40
75
39
8
18
47
64
33
75
34
72
72
38
94
72
77
81
22
79
59
71
16
5
68
1
55
28
67
42
13
24
6
6
95
92
65
93
49
60
6
45
25
73
33
41
16
95
69
6
38
0
44
37
18
20
83
57
43
93
83
2
32
87
72
73
19
31
73
53
54
54
43
50
91
84
90
32
25
89
48
10
47
58
27
54
34
60
98
79
29
13
68
35
31
57
21
61
98
44
84
14
3
95
29
79
70
58
92
77
76
39
66
71
62
50
38
92
73
72
79
15
64
15
60
83
96
56
61
89
81
21
29
80
16
3
43
88
68
28
82
25
85
76
5
13
51
29
84
19
87
22
40
66
72
21
16
84
61
6
37
97
35
51
73
17
65
57
80
48
16
74
8
3
14
82
5
65
86
65
48
93
15
9
32
72
97
50
79
39
4
21
25
66
65
29
83
62
77
3
53
87
35
12
52
55
25
92
62
21
57
9
96
42
49
16
84
9
89
5
13
99
24
7
11
22
33
63
4
39
47
49
7
54
10
37
12
99
31
49
96
62
45
57
86
12
64
86
5
46
28
60
13
60
39
19
27
77
17
16
88
17
86
22
79
79
71
8
43
24
80
6
75
16
94
81
6
55
9
82
37
0
31
63
4
45
5
90
52
95
99
45
71
18
56
59
16
14
31
97
60
41
46
98
91
44
60
67
0
58
56
88
45
47
46
80
6
97
2
70
42
80
99
59
18
31
58
40
35
93
86
53
59
74
86
48
99
32
69
16
50
75
89
63
59
41
78
67
61
62
92
38
8
66
47
53
43
6
58
46
96
88
96
58
4
44
25
11
46
72
91
48
11
24
85
70
42
24
7
24
10
44
92
58
22
67
83
94
34
28
48
83
88
49
23
85
92
30
44
70
85
71
65
93
57
14
31
64
2
89
82
62
58
82
93
78
12
70
83
8
81
9
23
14
64
91
6
45
39
69
52
32
73
20
88
63
77
70
87
27
36
70
86
80
65
70
34
77
82
78
67
64
30
27
71
56
58
38
65
60
20
18
46
34
32
70
77
28
96
43
49
5
27
52
3
29
72
33
68
19
27
62
93
21
69
58
70
50
21
45
1
13
30
22
22
15
20
89
17
18
87
18
27
88
42
9
35
33
46
87
14
54
76
87
78
55
73
0
28
28
97
98
39
89
86
51
36
55
74
99
76
97
40
56
21
79
54
91
74
6
45
35
46
63
77
88
41
99
72
60
0
97
80
21
21
35
6
27
44
89
47
89
74
24
53
46
90
36
8
87
1
19
51
52
17
74
77
91
66
9
0
39
65
35
60
1
52
66
76
12
55
7
87
58
85
71
40
10
14
20
60
14
2
49
70
48
83
87
66
88
48
10
35
38
38
90
48
61
55
57
31
62
56
2
53
77
4
41
93
99
13
91
13
78
12
97
28
74
69
53
52
53
43
52
67
78
40
88
24
96
50
51
44
4
50
2
13
70
64
10
69
9
83
96
93
32
63
85
47
49
34
5
56
55
3
47
49
71
99
49
13
78
78
95
55
31
84
26
8
39
39
44
7
96
84
55
35
99
28
6
81
57
64
97
22
27
62
91
44
38
91
60
0
77
79
45
17
3
12
50
60
59
33
43
83
64
4
24
53
49
83
25
74
60
61
83
2
93
41
85
35
18
3
44
49
9
77
40
86
52
5
43
66
34
7
9
86
42
34
25
12
73
19
32
97
62
49
47
11
70
77
21
2
27
2
10
99
60
83
75
71
0
35
97
61
62
36
34
98
88
66
75
25
64
75
71
2
94
1
29
87
27
31
14
37
82
53
74
46
3
79
50
46
59
76
46
39
39
27
13
28
38
83
10
41
11
23
80
62
54
29
39
38
89
9
25
63
23
87
60
54
51
97
94
1
36
85
7
26
29
22
16
93
10
9
30
91
73
21
96
27
26
75
36
93
6
96
2
8
14
36
58
33
61
25
41
94
98
76
2
85
81
76
46
54
16
53
65
65
3
25
69
2
90
78
74
5
81
40
92
9
30
1
35
46
9
36
29
17
68
74
72
43
34
67
25
31
87
49
54
64
56
5
44
19
6
40
3
64
10
67
46
53
0
71
20
32
42
72
79
48
53
11
42
5
55
60
64
75
33
58
94
32
72
45
80
89
27
90
72
2
40
42
66
91
28
44
1
42
50
41
62
67
21
98
99
33
27
10
55
99
56
41
14
58
46
91
35
42
38
91
18
99
35
76
15
62
22
37
63
68
19
71
52
65
6
44
41
58
6
80
84
64
88
51
64
92
71
88
32
3
24
61
43
30
81
71
60
21
5
21
5
94
32
32
60
75
13
30
83
90
0
67
25
12
49
35
69
26
70
23
99
36
1
90
68
78
17
18
14
18
39
40
90
30
56
60
55
25
51
37
79
77
60
80
0
23
96
38
10
29
63
72
10
20
26
90
70
60
12
15
39
77
74
19
30
91
25
62
2
78
14
77
54
87
16
26
6
32
85
58
83
75
27
0
53
39
59
55
90
60
63
30
15
77
54
44
89
5
21
31
84
48
91
74
6
97
31
84
26
19
86
2
17
3
92
68
79
87
57
70
74
70
64
72
23
47
59
34
78
50
98
21
52
37
90
72
95
73
56
84
83
41
57
14
42
19
92
62
47
57
34
23
68
24
34
72
47
58
19
53
48
87
22
80
11
80
60
64
70
40
33
41
66
8
79
46
8
72
98
6
14
47
71
69
94
50
39
34
6
24
24
11
31
3
95
61
59
94
64
31
15
81
93
87
45
3
91
99
10
57
13
81
20
68
58
76
16
86
54
25
20
29
39
63
93
5
51
68
90
87
94
54
98
42
60
25
46
46
37
97
81
27
38
12
75
99
23
97
65
31
86
26
54
60
24
6
74
87
47
11
57
22
59
97
55
72
73
69
52
80
29
12
37
15
19
14
24
76
21
30
56
82
40
69
31
54
95
99
2
22
58
70
39
47
24
19
66
16
67
70
96
72
15
5
62
47
53
55
52
60
14
70
99
30
18
30
37
60
14
60
58
42
52
79
0
34
13
95
38
67
27
6
12
85
16
66
98
99
31
32
72
82
19
0
10
43
55
4
38
37
57
48
58
73
5
45
36
97
82
75
64
40
34
45
50
95
74
88
13
9
41
2
25
35
64
26
7
98
71
44
29
73
6
86
47
19
30
99
91
12
39
17
29
33
78
32
53
12
76
59
29
65
87
59
89
48
23
50
94
44
57
65
23
46
5
99
63
25
83
17
68
4
18
50
39
32
55
68
74
74
52
25
67
77
55
1
95
37
88
10
18
85
1
94
87
75
34
59
88
20
80
22
14
65
79
78
92
88
88
19
21
73
31
57
97
40
45
31
7
30
58
32
17
1
91
5
81
63
97
25
88
26
65
31
54
28
43
99
99
18
55
19
55
18
80
33
51
47
38
29
49
28
64
64
88
4
30
28
80
98
15
12
39
79
42
66
29
1
45
14
62
65
92
54
76
90
3
58
5
40
42
8
20
40
67
65
89
56
32
10
21
75
75
39
7
99
70
57
34
98
95
28
95
55
41
77
39
27
5
72
78
46
98
35
9
12
17
13
