67
30
92
53
6
15
21
69
7
18
79
50
34
0
55
0
35
47
25
21
47
7
67
52
39
6
93
19
54
58
73
52
62
23
75
75
87
25
4
8
12
88
28
94
56
68
13
16
40
55
99
61
10
39
22
79
21
58
24
98
22
34
49
3
93
30
76
8
43
54
63
17
69
68
10
9
98
2
91
36
32
42
6
90
51
57
49
21
84
2
62
1
88
75
98
89
83
70
95
0
49
70
41
55
95
8
17
92
56
6
40
16
18
32
97
51
4
82
13
12
81
63
1
90
70
73
78
7
76
27
93
42
99
17
14
20
2
46
2
16
6
72
19
27
86
2
37
16
77
48
88
72
19
3
36
69
45
33
13
71
30
38
31
45
52
60
94
22
86
33
52
25
43
62
19
86
45
26
67
6
18
17
83
88
0
83
90
31
37
70
70
45
17
67
22
89
46
95
18
51
48
88
76
28
1
38
35
21
39
12
80
72
7
26
12
89
18
58
12
91
48
76
35
1
39
1
40
74
80
73
30
1
37
79
46
16
47
28
63
72
79
98
73
16
44
2
91
34
94
30
64
65
83
72
87
26
79
62
36
9
26
9
13
55
60
4
1
99
4
79
2
32
48
23
88
59
97
59
84
0
57
90
45
26
99
50
17
16
89
46
96
97
51
89
40
88
89
17
63
56
97
48
74
85
44
12
20
33
19
69
19
6
1
93
24
11
12
38
47
15
36
13
70
51
30
42
69
50
30
29
63
1
3
90
70
61
80
6
65
34
38
40
24
76
39
78
74
25
94
31
26
73
2
78
80
59
74
49
72
60
63
62
90
85
77
49
93
40
79
49
44
76
71
9
23
20
97
34
65
56
40
52
63
95
83
52
98
46
49
91
21
81
0
55
67
38
51
31
0
22
67
75
40
75
39
8
18
47
64
33
75
34
72
72
38
94
72
77
81
22
79
59
71
16
5
68
1
55
28
67
42
13
24
6
6
95
92
65
93
49
60
6
45
25
73
33
41
16
95
69
6
38
0
44
37
18
20
83
57
43
93
83
2
32
87
72
73
19
31
73
53
54
54
43
50
91
84
90
32
25
89
48
10
47
58
27
54
34
60
98
79
29
13
68
35
31
57
21
61
98
44
84
14
3
95
29
79
70
58
92
77
76
39
66
71
62
50
38
92
73
72
79
15
64
15
60
83
96
56
61
89
81
21
29
80
16
3
43
88
68
28
82
25
85
76
5
13
51
29
84
19
87
22
40
66
72
21
16
84
61
6
37
97
35
51
73
17
65
57
80
48
16
74
8
3
14
82
5
65
86
65
48
93
15
9
32
72
97
50
79
39
4
21
25
66
65
29
83
62
77
3
53
87
35
12
52
55
25
92
62
21
57
9
96
42
49
16
84
9
89
5
13
99
24
7
11
22
33
63
4
39
47
49
7
54
10
37
12
99
31
49
96
62
45
57
86
12
64
86
5
46
28
60
13
60
39
19
27
77
17
16
88
17
86
22
79
79
71
8
43
24
80
6
75
16
94
81
6
55
9
82
37
0
31
63
4
45
5
90
52
95
99
45
71
18
56
59
16
14
31
97
60
41
46
98
91
44
60
67
0
58
56
88
45
47
46
80
6
97
2
70
42
80
99
59
18
31
58
40
35
93
86
53
59
74
86
48
99
32
69
16
50
75
89
63
59
41
78
67
61
62
92
38
8
66
47
53
43
6
58
46
96
88
96
58
4
44
25
11
46
72
91
48
11
24
85
70
42
24
7
24
10
44
92
58
22
67
83
94
34
28
48
83
88
49
23
85
92
30
44
70
85
71
65
93
57
14
31
64
2
89
82
62
58
82
93
78
12
70
83
8
81
9
23
14
64
91
6
45
39
69
52
32
73
20
88
63
77
70
87
27
36
70
86
80
65
70
34
77
82
78
67
64
30
27
71
56
58
38
65
60
20
18
46
34
32
70
77
28
96
43
49
5
27
52
3
29
72
33
68
19
27
62
93
21
69
58
70
50
21
45
1
13
30
22
22
15
20
89
17
18
87
18
27
88
42
9
35
33
46
87
14
54
76
87
78
55
73
0
28
28
97
98
39
89
86
51
36
55
74
99
76
97
40
56
21
79
54
91
74
6
45
35
46
63
77
88
41
99
72
60
0
97
80
21
21
35
6
27
44
89
47
89
74
24
53
46
90
36
8
87
1
19
51
52
17
74
77
91
66
9
0
39
65
35
60
1
52
66
76
12
55
7
87
58
85
71
40
10
14
20
60
14
2
49
70
48
83
87
66
88
48
10
35
38
38
90
48
61
55
57
31
62
56
2
53
77
4
41
93
99
13
91
13
78
12
97
28
74
69
53
52
53
43
52
67
78
40
88
24
96
50
51
44
4
50
2
13
70
64
10
69
9
83
96
93
32
63
85
47
49
34
5
56
55
3
47
49
71
99
49
13
78
78
95
55
31
84
26
8
39
39
44
7
96
84
55
35
99
28
6
81
57
64
97
22
27
62
91
44
38
91
60
0
77
79
45
17
3
12
50
60
59
33
43
83
64
4
24
53
49
83
25
74
60
61
83
2
93
41
85
35
18
3
44
49
9
77
40
86
52
5
43
66
34
7
9
86
42
34
25
12
73
19
32
97
62
49
47
11
70
77
21
2
27
2
10
99
60
83
75
71
0
35
97
61
62
36
34
98
88
66
75
25
64
75
71
2
94
1
29
87
27
31
14
37
82
53
74
46
3
79
50
46
59
76
46
39
39
27
13
28
38
83
10
41
11
23
80
62
54
29
39
38
89
9
25
63
23
87
60
54
51
97
94
1
36
85
7
26
29
22
16
93
10
9
30
91
73
21
96
27
26
75
36
93
6
96
2
8
14
36
58
33
61
25
41
94
98
76
2
85
81
76
46
54
16
53
65
65
3
25
69
2
90
78
74
5
81
40
92
9
30
1
35
46
9
36
29
17
68
74
72
43
34
67
25
31
87
49
54
64
56
5
44
19
6
40
3
64
10
67
46
53
0
71
20
32
42
72
79
48
53
11
42
5
55
60
64
75
33
58
94
32
72
45
80
89
27
90
72
2
40
42
66
91
28
44
1
42
50
41
62
67
21
98
99
33
27
10
55
99
56
41
14
58
46
91
35
42
38
91
18
99
35
76
15
62
22
37
63
68
19
71
52
65
6
44
41
58
6
80
84
64
88
51
64
92
71
88
32
3
24
61
43
30
81
71
60
21
5
21
5
94
32
32
60
75
13
30
83
90
0
67
25
12
49
35
69
26
70
23
99
36
1
90
68
78
17
18
14
18
39
40
90
30
56
60
55
25
51
37
79
77
60
80
0
23
96
38
10
29
63
72
10
20
26
90
70
60
12
15
39
77
74
19
30
91
25
62
2
78
14
77
54
87
16
26
6
32
85
58
83
75
27
0
53
39
59
55
90
60
63
30
15
77
54
44
89
5
21
31
84
48
91
74
6
97
31
84
26
19
86
2
17
3
92
68
79
87
57
70
74
70
64
72
23
47
59
34
78
50
98
21
52
37
90
72
95
73
56
84
83
41
57
14
42
19
92
62
47
57
34
23
68
24
34
72
47
58
19
53
48
87
22
80
11
80
60
64
70
40
33
41
66
8
79
46
8
72
98
6
14
47
71
69
94
50
39
34
6
24
24
11
31
3
95
61
59
94
64
31
15
81
93
87
45
3
91
99
10
57
13
81
20
68
58
76
16
86
54
25
20
29
39
63
93
5
51
68
90
87
94
54
98
42
60
25
46
46
37
97
81
27
38
12
75
99
23
97
65
31
86
26
54
60
24
6
74
87
47
11
57
22
59
97
55
72
73
69
52
80
29
12
37
15
19
14
24
76
21
30
56
82
40
69
31
54
95
99
2
22
58
70
39
47
24
19
66
16
67
70
96
72
15
5
62
47
53
55
52
60
14
70
99
30
18
30
37
60
14
60
58
42
52
79
0
34
13
95
38
67
27
6
12
85
16
66
98
99
31
32
72
82
19
0
10
43
55
4
38
37
57
48
58
73
5
45
36
97
82
75
64
40
34
45
50
95
74
88
13
9
41
2
25
35
64
26
7
98
71
44
29
73
6
86
47
19
30
99
91
12
39
17
29
33
78
32
53
12
76
59
29
65
87
59
89
48
23
50
94
44
57
65
23
46
5
99
63
25
83
17
68
4
18
50
39
32
55
68
74
74
52
25
67
77
55
1
95
37
88
10
18
85
1
94
87
75
34
59
88
20
80
22
14
65
79
78
92
88
88
19
21
73
31
57
97
40
45
31
7
30
58
32
17
1
91
5
81
63
97
25
88
26
65
31
54
28
43
99
99
18
55
19
55
18
80
33
51
47
38
29
49
28
64
64
88
4
30
28
80
98
15
12
39
79
42
66
29
1
45
14
62
65
92
54
76
90
3
58
5
40
42
8
20
40
67
65
89
56
32
10
21
75
75
39
7
99
70
57
34
98
95
28
95
55
41
77
39
27
5
72
78
46
98
35
9
12
17
13
41
70
85
47
8
87
51
42
7
2
73
95
62
44
42
28
4
79
22
26
63
10
70
56
98
61
61
1
0
76
65
33
34
31
61
0
95
50
23
8
20
93
6
64
77
92
24
51
55
93
82
24
48
10
52
12
29
10
37
94
85
12
86
90
30
72
28
45
76
37
43
80
21
7
94
5
7
76
38
85
95
63
25
90
7
80
23
54
12
53
55
97
83
33
59
19
23
39
1
23
80
80
14
30
9
25
76
77
74
84
68
32
31
69
89
50
40
44
45
87
45
36
11
16
79
77
81
26
57
62
4
44
91
44
3
49
5
88
70
66
84
69
88
75
99
62
62
77
39
21
4
71
18
12
16
41
36
28
77
95
72
42
23
52
89
53
40
46
64
34
80
2
29
71
72
9
78
0
56
62
42
27
89
68
31
2
97
64
92
77
99
67
65
33
86
3
87
92
27
25
15
9
65
31
51
25
36
62
25
65
48
34
78
89
97
69
27
86
84
19
53
0
52
67
32
48
31
31
68
98
88
97
39
62
99
83
38
26
28
97
3
64
43
41
45
63
29
12
19
77
99
69
47
44
98
96
34
54
14
10
60
35
40
24
5
13
98
21
24
7
74
97
69
11
24
43
82
94
65
73
4
80
96
30
6
79
30
39
76
58
62
69
48
21
32
76
95
24
95
85
26
80
91
74
39
10
59
58
30
24
11
52
20
17
44
25
45
15
49
9
89
87
77
40
33
10
6
98
14
0
89
83
21
81
42
97
75
51
72
43
29
68
49
7
69
60
46
24
32
27
81
0
18
1
4
61
42
49
62
72
8
44
18
43
53
38
51
73
54
36
54
47
22
42
33
38
75
81
75
19
76
39
33
87
31
41
18
3
74
54
91
39
69
58
30
46
52
63
8
8
81
91
12
85
74
56
30
27
76
76
97
73
12
70
49
89
79
44
53
89
93
99
70
48
4
89
28
92
0
86
66
79
86
84
92
85
32
43
85
63
43
55
26
72
23
42
84
69
96
18
18
60
57
47
68
51
97
12
91
92
80
63
50
76
33
83
65
64
22
1
80
22
83
33
77
71
28
37
40
31
27
2
65
6
9
72
28
57
67
78
71
63
31
27
10
63
10
33
76
16
79
75
43
12
43
49
10
21
22
81
27
33
44
4
24
89
21
60
60
55
12
45
48
21
47
31
75
55
19
80
56
89
96
7
76
8
15
67
56
74
57
89
89
91
64
42
78
76
92
84
42
36
78
83
99
85
78
14
71
64
82
0
31
10
47
91
10
90
89
17
11
89
35
41
65
19
64
39
66
54
32
43
15
26
91
67
81
51
1
1
37
65
64
85
82
25
53
25
88
19
81
50
19
34
27
23
80
30
73
10
57
54
38
65
12
45
29
24
91
21
1
15
76
2
65
89
18
26
34
98
85
57
16
68
30
1
34
68
72
91
22
52
47
36
52
63
94
63
59
37
83
8
86
65
35
71
23
44
94
75
45
25
85
87
7
43
93
65
22
68
20
83
77
44
35
50
12
9
5
49
20
36
16
51
15
83
57
56
76
80
8
18
11
59
45
41
63
1
65
95
27
46
63
36
25
30
43
28
4
10
89
46
72
91
36
28
89
8
15
90
10
61
99
12
78
92
97
78
82
92
79
64
32
98
85
37
45
46
43
85
48
72
93
44
81
11
64
88
92
30
33
94
46
16
3
27
64
61
35
18
91
42
88
82
65
26
45
59
75
44
20
58
62
64
84
53
76
15
80
30
0
4
53
95
48
86
84
82
82
24
21
97
54
11
41
34
5
87
47
90
14
81
95
75
81
48
42
65
76
47
53
16
13
58
59
49
37
62
78
53
35
22
62
57
88
53
91
86
66
16
43
53
83
12
77
1
42
68
19
42
34
50
99
54
55
48
76
4
63
4
16
17
42
17
72
56
88
17
2
94
25
71
50
75
78
26
25
43
70
72
36
78
8
61
0
14
48
7
93
0
62
5
13
14
7
12
8
58
19
68
1
52
79
3
27
39
14
28
14
50
8
59
81
94
9
13
68
33
15
28
73
74
80
27
78
83
12
26
55
37
98
27
56
84
53
42
82
54
33
84
92
81
33
24
6
15
10
42
42
59
26
74
88
31
54
1
55
32
42
95
25
92
41
79
71
85
67
68
7
21
54
58
77
95
57
90
66
85
96
23
42
18
26
26
11
84
60
59
41
32
52
39
61
41
65
52
34
72
67
32
89
5
36
41
48
96
37
98
23
92
71
95
36
94
7
60
60
52
26
94
62
9
62
61
57
4
33
72
45
68
29
77
43
69
43
62
64
92
65
21
70
44
33
38
85
9
90
77
29
93
62
1
32
15
11
30
14
97
48
65
97
13
63
77
85
58
83
19
78
14
35
61
27
26
18
3
66
33
89
68
32
76
84
45
4
46
17
11
28
31
80
73
54
44
63
29
78
68
18
44
22
71
91
54
75
6
31
37
98
51
81
16
22
14
67
85
9
82
83
18
45
27
53
30
62
36
27
46
92
49
48
34
18
83
98
3
13
87
35
98
67
69
30
59
49
28
99
24
11
40
59
13
98
76
66
29
51
37
61
80
74
25
64
93
70
17
47
37
62
60
16
97
34
71
98
8
55
85
74
82
59
26
28
74
77
95
7
96
62
74
18
18
16
6
98
17
7
11
52
52
2
25
27
30
53
46
54
92
27
26
15
21
80
30
96
59
41
75
91
34
20
0
2
96
86
32
55
2
60
81
23
53
90
64
83
5
92
21
68
20
27
26
84
52
56
90
82
72
32
29
44
2
58
64
78
50
48
46
7
80
86
28
80
34
83
48
73
98
95
5
67
45
8
8
8
85
43
43
41
74
87
78
34
43
67
31
33
84
70
5
37
27
83
6
96
79
73
15
14
76
24
77
21
12
35
21
61
32
95
21
3
99
82
12
30
15
76
99
49
6
46
70
87
12
1
75
50
66
44
48
64
84
37
93
75
70
37
0
71
66
11
0
58
75
16
75
61
66
75
14
33
97
55
41
15
1
92
40
41
53
68
22
11
13
46
32
11
75
26
26
26
90
93
14
5
49
37
22
5
86
90
37
57
31
65
56
52
86
51
76
29
71
36
22
26
93
17
20
90
24
27
12
93
2
94
3
14
49
18
21
80
98
8
98
83
93
86
67
59
81
52
34
85
70
86
12
20
77
9
94
4
60
82
41
32
80
61
86
19
27
60
29
32
22
72
63
69
1
96
85
89
50
3
69
2
95
37
54
33
36
0
8
19
80
4
98
10
13
80
84
66
8
19
69
25
8
32
11
56
61
40
2
24
65
15
17
76
45
42
74
84
16
37
92
61
11
24
40
38
97
52
23
29
88
32
76
49
28
18
3
73
51
14
23
21
39
18
76
12
88
3
51
5
37
81
36
96
83
55
61
81
56
11
2
89
21
40
79
62
78
4
67
21
32
73
67
94
82
29
3
57
17
99
50
62
55
12
5
22
30
67
84
79
42
93
46
85
72
73
45
85
90
20
9
61
26
39
92
44
10
25
95
54
51
50
31
70
0
21
69
45
33
85
85
93
76
60
60
11
58
78
65
28
22
10
10
68
80
41
22
26
16
70
35
16
5
82
1
85
16
98
5
6
22
97
15
47
5
64
10
98
59
20
62
57
6
55
74
1
21
32
52
61
17
60
89
31
89
41
5
85
91
32
63
52
67
85
56
67
22
8
81
65
8
55
42
6
76
20
88
5
74
34
19
77
70
23
63
10
21
68
40
54
71
58
94
54
60
69
79
90
78
71
36
42
31
24
82
31
20
48
59
48
50
68
85
53
44
62
30
55
26
54
67
60
18
11
23
14
18
22
52
97
58
61
4
82
87
40
55
64
1
96
13
6
86
46
78
98
19
99
53
71
59
36
16
13
23
55
23
25
81
79
49
65
66
13
99
73
33
98
78
56
12
20
3
31
6
38
80
21
47
14
37
70
30
31
47
84
12
86
58
85
77
70
6
83
26
56
63
16
48
71
78
94
25
14
67
72
69
37
98
41
30
54
24
37
72
44
46
27
82
20
16
32
17
37
94
84
94
86
54
21
96
58
8
68
95
73
15
12
2
34
80
98
53
18
4
0
96
83
88
5
95
50
6
60
90
13
82
33
93
3
54
25
94
98
86
31
93
22
23
29
59
13
96
47
73
2
95
89
85
60
42
95
19
29
5
94
91
44
70
35
9
33
76
15
79
50
61
51
20
96
71
95
14
49
33
70
75
94
11
9
13
62
6
18
43
60
70
71
36
67
78
88
13
82
80
53
29
44
44
69
42
30
89
98
41
56
90
14
68
50
12
48
2
52
11
92
47
45
65
41
35
88
90
85
92
0
7
35
27
37
26
49
23
10
88
38
88
37
85
58
56
92
78
99
60
45
49
50
63
97
26
99
88
93
18
88
59
92
59
44
44
38
28
54
43
50
14
12
72
40
96
76
29
64
41
84
4
33
62
73
55
76
61
61
10
76
22
31
69
88
91
80
24
98
21
7
37
59
24
30
7
89
64
22
50
43
25
77
70
8
83
43
27
45
76
96
30
69
68
82
92
96
45
2
50
28
79
92
13
22
93
16
20
1
92
97
36
77
87
83
88
70
59
2
45
37
76
1
48
83
43
88
63
34
53
54
53
51
42
24
28
68
21
40
5
42
90
61
30
39
31
38
73
80
58
90
66
61
91
52
77
45
88
51
12
20
33
94
48
19
15
64
13
43
8
34
67
92
69
82
94
51
11
44
89
91
84
38
8
66
97
28
85
11
3
69
34
71
33
72
52
19
82
58
99
21
97
18
24
58
96
35
30
66
89
8
77
79
47
42
68
52
53
97
93
2
69
11
55
89
56
18
84
39
62
27
16
96
56
81
16
82
1
63
78
93
61
54
56
15
37
95
8
7
5
69
14
95
27
23
61
49
33
19
36
96
74
60
83
21
84
92
92
39
69
42
21
69
1
22
78
88
50
16
96
55
35
46
62
65
98
32
32
2
99
95
30
60
85
50
96
33
52
19
75
4
24
7
99
98
58
96
67
28
56
0
21
98
63
70
84
76
89
93
42
43
66
23
30
54
16
0
65
95
90
34
6
34
17
75
33
96
8
77
24
57
96
95
23
78
94
36
23
89
99
36
58
49
15
67
11
31
2
96
81
83
91
52
75
34
97
62
45
11
87
20
41
7
38
43
50
1
99
43
99
13
47
59
12
36
30
61
13
73
9
31
23
3
98
80
27
1
69
52
29
64
4
44
11
20
19
49
72
62
38
76
95
9
74
95
76
70
69
34
2
95
20
68
39
84
74
63
87
45
40
53
96
95
22
14
26
26
50
65
42
12
52
92
67
37
2
67
58
45
19
20
14
87
41
72
14
53
33
74
0
83
13
92
69
17
14
27
1
87
92
81
39
13
66
46
93
19
32
65
85
73
87
83
76
80
27
7
75
68
61
39
37
46
15
18
13
22
47
45
83
79
31
51
5
70
23
87
99
67
41
18
75
4
85
90
9
66
86
91
44
51
16
7
22
80
64
49
6
79
3
21
51
35
11
85
32
32
54
77
4
15
29
7
23
22
92
65
60
12
96
93
38
51
26
47
1
65
70
75
28
46
50
40
25
78
33
27
61
30
97
89
31
98
10
2
37
81
25
82
8
45
19
29
60
36
75
67
89
47
65
44
55
51
88
62
3
0
72
26
54
50
42
30
97
80
56
60
31
93
79
53
9
27
6
14
50
37
4
48
93
99
34
83
89
59
41
81
21
14
33
17
61
90
70
53
66
34
21
64
97
91
51
42
21
75
55
27
89
56
23
58
38
63
26
87
1
48
45
46
31
2
99
27
33
49
57
79
48
44
33
82
63
33
42
31
14
99
50
31
77
36
10
93
58
27
16
5
23
46
19
51
92
85
9
88
72
47
22
34
43
77
49
61
80
70
69
13
39
58
56
45
63
76
97
32
39
62
54
2
78
78
1
96
43
4
24
90
80
67
95
97
62
41
15
35
43
83
92
61
65
5
87
51
89
25
20
16
67
5
35
53
98
3
16
47
82
27
27
97
6
99
60
26
84
5
48
64
34
67
15
69
38
7
23
94
18
81
35
86
47
73
81
12
32
3
22
15
67
87
81
22
64
78
1
16
22
27
93
20
51
15
15
70
35
80
31
16
8
85
43
65
76
67
37
73
12
41
92
21
63
5
79
46
63
59
17
68
49
89
24
70
29
70
82
86
53
8
21
54
5
65
28
9
30
81
60
91
50
92
10
46
58
54
38
19
66
0
23
22
28
65
82
82
47
66
41
95
34
31
3
96
88
33
65
88
50
49
47
43
86
2
20
42
65
46
78
20
36
99
46
35
60
90
26
73
91
67
98
79
57
56
26
32
99
12
32
48
18
80
44
27
18
16
18
67
11
87
97
78
31
16
73
27
29
31
81
17
33
12
90
33
84
0
85
24
10
12
57
10
6
17
3
34
46
33
1
84
47
89
87
35
31
75
76
56
76
31
57
84
40
31
34
41
83
91
16
5
90
5
18
53
46
69
94
3
34
99
9
1
85
47
55
31
62
63
72
13
4
5
71
80
44
81
90
96
26
53
15
82
24
28
24
2
98
10
37
16
90
94
29
21
77
53
89
62
27
65
55
83
76
43
65
54
70
35
61
3
77
96
7
66
34
37
29
34
86
27
30
19
68
81
16
4
70
59
4
21
7
24
48
67
48
38
60
82
35
25
86
47
60
48
60
