41
70
85
47
8
87
51
42
7
2
73
95
62
44
42
28
4
79
22
26
63
10
70
56
98
61
61
1
0
76
65
33
34
31
61
0
95
50
23
8
20
93
6
64
77
92
24
51
55
93
82
24
48
10
52
12
29
10
37
94
85
12
86
90
30
72
28
45
76
37
43
80
21
7
94
5
7
76
38
85
95
63
25
90
7
80
23
54
12
53
55
97
83
33
59
19
23
39
1
23
80
80
14
30
9
25
76
77
74
84
68
32
31
69
89
50
40
44
45
87
45
36
11
16
79
77
81
26
57
62
4
44
91
44
3
49
5
88
70
66
84
69
88
75
99
62
62
77
39
21
4
71
18
12
16
41
36
28
77
95
72
42
23
52
89
53
40
46
64
34
80
2
29
71
72
9
78
0
56
62
42
27
89
68
31
2
97
64
92
77
99
67
65
33
86
3
87
92
27
25
15
9
65
31
51
25
36
62
25
65
48
34
78
89
97
69
27
86
84
19
53
0
52
67
32
48
31
31
68
98
88
97
39
62
99
83
38
26
28
97
3
64
43
41
45
63
29
12
19
77
99
69
47
44
98
96
34
54
14
10
60
35
40
24
5
13
98
21
24
7
74
97
69
11
24
43
82
94
65
73
4
80
96
30
6
79
30
39
76
58
62
69
48
21
32
76
95
24
95
85
26
80
91
74
39
10
59
58
30
24
11
52
20
17
44
25
45
15
49
9
89
87
77
40
33
10
6
98
14
0
89
83
21
81
42
97
75
51
72
43
29
68
49
7
69
60
46
24
32
27
81
0
18
1
4
61
42
49
62
72
8
44
18
43
53
38
51
73
54
36
54
47
22
42
33
38
75
81
75
19
76
39
33
87
31
41
18
3
74
54
91
39
69
58
30
46
52
63
8
8
81
91
12
85
74
56
30
27
76
76
97
73
12
70
49
89
79
44
53
89
93
99
70
48
4
89
28
92
0
86
66
79
86
84
92
85
32
43
85
63
43
55
26
72
23
42
84
69
96
18
18
60
57
47
68
51
97
12
91
92
80
63
50
76
33
83
65
64
22
1
80
22
83
33
77
71
28
37
40
31
27
2
65
6
9
72
28
57
67
78
71
63
31
27
10
63
10
33
76
16
79
75
43
12
43
49
10
21
22
81
27
33
44
4
24
89
21
60
60
55
12
45
48
21
47
31
75
55
19
80
56
89
96
7
76
8
15
67
56
74
57
89
89
91
64
42
78
76
92
84
42
36
78
83
99
85
78
14
71
64
82
0
31
10
47
91
10
90
89
17
11
89
35
41
65
19
64
39
66
54
32
43
15
26
91
67
81
51
1
1
37
65
64
85
82
25
53
25
88
19
81
50
19
34
27
23
80
30
73
10
57
54
38
65
12
45
29
24
91
21
1
15
76
2
65
89
18
26
34
98
85
57
16
68
30
1
34
68
72
91
22
52
47
36
52
63
94
63
59
37
83
8
86
65
35
71
23
44
94
75
45
25
85
87
7
43
93
65
22
68
20
83
77
44
35
50
12
9
5
49
20
36
16
51
15
83
57
56
76
80
8
18
11
59
45
41
63
1
65
95
27
46
63
36
25
30
43
28
4
10
89
46
72
91
36
28
89
8
15
90
10
61
99
12
78
92
97
78
82
92
79
64
32
98
85
37
45
46
43
85
48
72
93
44
81
11
64
88
92
30
33
94
46
16
3
27
64
61
35
18
91
42
88
82
65
26
45
59
75
44
20
58
62
64
84
53
76
15
80
30
0
4
53
95
48
86
84
82
82
24
21
97
54
11
41
34
5
87
47
90
14
81
95
75
81
48
42
65
76
47
53
16
13
58
59
49
37
62
78
53
35
22
62
57
88
53
91
86
66
16
43
53
83
12
77
1
42
68
19
42
34
50
99
54
55
48
76
4
63
4
16
17
42
17
72
56
88
17
2
94
25
71
50
75
78
26
25
43
70
72
36
78
8
61
0
14
48
7
93
0
62
5
13
14
7
12
8
58
19
68
1
52
79
3
27
39
14
28
14
50
8
59
81
94
9
13
68
33
15
28
73
74
80
27
78
83
12
26
55
37
98
27
56
84
53
42
82
54
33
84
92
81
33
24
6
15
10
42
42
59
26
74
88
31
54
1
55
32
42
95
25
92
41
79
71
85
67
68
7
21
54
58
77
95
57
90
66
85
96
23
42
18
26
26
11
84
60
59
41
32
52
39
61
41
65
52
34
72
67
32
89
5
36
41
48
96
37
98
23
92
71
95
36
94
7
60
60
52
26
94
62
9
62
61
57
4
33
72
45
68
29
77
43
69
43
62
64
92
65
21
70
44
33
38
85
9
90
77
29
93
62
1
32
15
11
30
14
97
48
65
97
13
63
77
85
58
83
19
78
14
35
61
27
26
18
3
66
33
89
68
32
76
84
45
4
46
17
11
28
31
80
73
54
44
63
29
78
68
18
44
22
71
91
54
75
6
31
37
98
51
81
16
22
14
67
85
9
82
83
18
45
27
53
30
62
36
27
46
92
49
48
34
18
83
98
3
13
87
35
98
67
69
30
59
49
28
99
24
11
40
59
13
98
76
66
29
51
37
61
80
74
25
64
93
70
17
47
37
62
60
16
97
34
71
98
8
55
85
74
82
59
26
28
74
77
95
7
96
62
74
18
18
16
6
98
17
7
11
52
52
2
25
27
30
53
46
54
92
27
26
15
21
80
30
96
59
41
75
91
34
20
0
2
96
86
32
55
2
60
81
23
53
90
64
83
5
92
21
68
20
27
26
84
52
56
90
82
72
32
29
44
2
58
64
78
50
48
46
7
80
86
28
80
34
83
48
73
98
95
5
67
45
8
8
8
85
43
43
41
74
87
78
34
43
67
31
33
84
70
5
37
27
83
6
96
79
73
15
14
76
24
77
21
12
35
21
61
32
95
21
3
99
82
12
30
15
76
99
49
6
46
70
87
12
1
75
50
66
44
48
64
84
37
93
75
70
37
0
71
66
11
0
58
75
16
75
61
66
75
14
33
97
55
41
15
1
92
40
41
53
68
22
11
13
46
32
11
75
26
26
26
90
93
14
5
49
37
22
5
86
90
37
57
31
65
56
52
86
51
76
29
71
36
22
26
93
17
20
90
24
27
12
93
2
94
3
14
49
18
21
80
98
8
98
83
93
86
67
59
81
52
34
85
70
86
12
20
77
9
94
4
60
82
41
32
80
61
86
19
27
60
29
32
22
72
63
69
1
96
85
89
50
3
69
2
95
37
54
33
36
0
8
19
80
4
98
10
13
80
84
66
8
19
69
25
8
32
11
56
61
40
2
24
65
15
17
76
45
42
74
84
16
37
92
61
11
24
40
38
97
52
23
29
88
32
76
49
28
18
3
73
51
14
23
21
39
18
76
12
88
3
51
5
37
81
36
96
83
55
61
81
56
11
2
89
21
40
79
62
78
4
67
21
32
73
67
94
82
29
3
57
17
99
50
62
55
12
5
22
30
67
84
79
42
93
46
85
72
73
45
85
90
20
9
61
26
39
92
44
10
25
95
54
51
50
31
70
0
21
69
45
33
85
85
93
76
60
60
11
58
78
65
28
22
10
10
68
80
41
22
26
16
70
35
16
5
82
1
85
16
98
5
6
22
97
15
47
5
64
10
98
59
20
62
57
6
55
74
1
21
32
52
61
17
60
89
31
89
41
5
85
91
32
63
52
67
85
56
67
22
8
81
65
8
55
42
6
76
20
88
5
74
34
19
77
70
23
63
10
21
68
40
54
71
58
94
54
60
69
79
90
78
71
36
42
31
24
82
31
20
48
59
48
50
68
85
53
44
62
30
55
26
54
67
60
18
11
23
14
18
22
52
97
58
61
4
82
87
40
55
64
1
96
13
6
86
46
78
98
19
99
53
71
59
36
16
13
23
55
23
25
81
79
49
65
66
13
99
73
33
98
78
56
12
20
3
31
6
38
80
21
47
14
37
70
30
31
47
84
12
86
58
85
77
70
6
83
26
56
63
16
48
71
78
94
25
14
67
72
69
37
98
41
30
54
24
37
72
44
46
27
82
20
16
32
17
37
94
84
94
86
54
21
96
58
8
68
95
73
15
12
2
34
80
98
53
18
4
0
96
83
88
5
95
50
6
60
90
13
82
33
93
3
54
25
94
98
86
31
93
22
23
29
59
13
96
47
73
2
95
89
85
60
42
95
19
29
5
94
91
44
70
35
9
33
76
15
79
50
61
51
20
96
71
95
14
49
33
70
75
94
11
9
13
62
6
18
43
60
70
71
36
67
78
88
13
82
80
53
29
44
44
69
42
30
89
98
41
56
90
14
68
50
12
48
2
52
11
92
47
45
65
41
35
88
90
85
92
0
7
35
27
37
26
49
23
10
88
38
88
37
85
58
56
92
78
99
60
45
49
50
63
97
26
99
88
93
18
88
59
92
59
44
44
38
28
54
43
50
14
12
72
40
96
76
29
64
41
84
4
33
62
73
55
76
61
61
10
76
22
