31
69
88
91
80
24
98
21
7
37
59
24
30
7
89
64
22
50
43
25
77
70
8
83
43
27
45
76
96
30
69
68
82
92
96
45
2
50
28
79
92
13
22
93
16
20
1
92
97
36
77
87
83
88
70
59
2
45
37
76
1
48
83
43
88
63
34
53
54
53
51
42
24
28
68
21
40
5
42
90
61
30
39
31
38
73
80
58
90
66
61
91
52
77
45
88
51
12
20
33
94
48
19
15
64
13
43
8
34
67
92
69
82
94
51
11
44
89
91
84
38
8
66
97
28
85
11
3
69
34
71
33
72
52
19
82
58
99
21
97
18
24
58
96
35
30
66
89
8
77
79
47
42
68
52
53
97
93
2
69
11
55
89
56
18
84
39
62
27
16
96
56
81
16
82
1
63
78
93
61
54
56
15
37
95
8
7
5
69
14
95
27
23
61
49
33
19
36
96
74
60
83
21
84
92
92
39
69
42
21
69
1
22
78
88
50
16
96
55
35
46
62
65
98
32
32
2
99
95
30
60
85
50
96
33
52
19
75
4
24
7
99
98
58
96
67
28
56
0
21
98
63
70
84
76
89
93
42
43
66
23
30
54
16
0
65
95
90
34
6
34
17
75
33
96
8
77
24
57
96
95
23
78
94
36
23
89
99
36
58
49
15
67
11
31
2
96
81
83
91
52
75
34
97
62
45
11
87
20
41
7
38
43
50
1
99
43
99
13
47
59
12
36
30
61
13
73
9
31
23
3
98
80
27
1
69
52
29
64
4
44
11
20
19
49
72
62
38
76
95
9
74
95
76
70
69
34
2
95
20
68
39
84
74
63
87
45
40
53
96
95
22
14
26
26
50
65
42
12
52
92
67
37
2
67
58
45
19
20
14
87
41
72
14
53
33
74
0
83
13
92
69
17
14
27
1
87
92
81
39
13
66
46
93
19
32
65
85
73
87
83
76
80
27
7
75
68
61
39
37
46
15
18
13
22
47
45
83
79
31
51
5
70
23
87
99
67
41
18
75
4
85
90
9
66
86
91
44
51
16
7
22
80
64
49
6
79
3
21
51
35
11
85
32
32
54
77
4
15
29
7
23
22
92
65
60
12
96
93
38
51
26
47
1
65
70
75
28
46
50
40
25
78
33
27
61
30
97
89
31
98
10
2
37
81
25
82
8
45
19
29
60
36
75
67
89
47
65
44
55
51
88
62
3
0
72
26
54
50
42
30
97
80
56
60
31
93
79
53
9
27
6
14
50
37
4
48
93
99
34
83
89
59
41
81
21
14
33
17
61
90
70
53
66
34
21
64
97
91
51
42
21
75
55
27
89
56
23
58
38
63
26
87
1
48
45
46
31
2
99
27
33
49
57
79
48
44
33
82
63
33
42
31
14
99
50
31
77
36
10
93
58
27
16
5
23
46
19
51
92
85
9
88
72
47
22
34
43
77
49
61
80
70
69
13
39
58
56
45
63
76
97
32
39
62
54
2
78
78
1
96
43
4
24
90
80
67
95
97
62
41
15
35
43
83
92
61
65
5
87
51
89
25
20
16
67
5
35
53
98
3
16
47
82
27
27
97
6
99
60
26
84
5
48
64
34
67
15
69
38
7
23
94
18
81
35
86
47
73
81
12
32
3
22
15
67
87
81
22
64
78
1
16
22
27
93
20
51
15
15
70
35
80
31
16
8
85
43
65
76
67
37
73
12
41
92
21
63
5
79
46
63
59
17
68
49
89
24
70
29
70
82
86
53
8
21
54
5
65
28
9
30
81
60
91
50
92
10
46
58
54
38
19
66
0
23
22
28
65
82
82
47
66
41
95
34
31
3
96
88
33
65
88
50
49
47
43
86
2
20
42
65
46
78
20
36
99
46
35
60
90
26
73
91
67
98
79
57
56
26
32
99
12
32
48
18
80
44
27
18
16
18
67
11
87
97
78
31
16
73
27
29
31
81
17
33
12
90
33
84
0
85
24
10
12
57
10
6
17
3
34
46
33
1
84
47
89
87
35
31
75
76
56
76
31
57
84
40
31
34
41
83
91
16
5
90
5
18
53
46
69
94
3
34
99
9
1
85
47
55
31
62
63
72
13
4
5
71
80
44
81
90
96
26
53
15
82
24
28
24
2
98
10
37
16
90
94
29
21
77
53
89
62
27
65
55
83
76
43
65
54
70
35
61
3
77
96
7
66
34
37
29
34
86
27
30
19
68
81
16
4
70
59
4
21
7
24
48
67
48
38
60
82
35
25
86
47
60
48
60
94
80
22
3
71
53
12
3
7
70
88
15
48
9
61
43
41
83
10
41
7
22
14
81
37
80
46
18
6
88
30
21
48
90
25
62
31
96
61
84
1
35
90
77
80
37
56
74
64
54
6
41
83
50
41
27
49
15
56
96
42
6
96
57
12
80
36
82
62
29
48
51
25
77
93
67
89
48
73
71
89
65
95
32
50
8
97
73
59
93
79
56
1
87
2
13
31
84
18
48
11
49
94
53
95
3
78
90
63
7
88
74
7
47
99
63
78
51
63
18
61
39
4
3
82
79
47
12
6
3
79
94
39
59
89
29
77
72
33
87
24
71
62
73
90
86
77
63
20
12
64
6
40
50
2
19
81
52
1
62
37
59
86
38
19
91
47
48
5
91
25
97
17
13
33
19
1
14
50
86
21
39
36
1
35
87
81
49
22
5
59
49
79
94
20
65
5
51
2
3
71
69
56
57
12
72
98
83
41
37
69
23
46
16
55
36
33
2
46
79
86
4
54
93
18
98
57
35
49
99
28
13
48
85
84
98
88
99
84
0
58
47
86
5
2
13
81
63
89
32
51
1
2
45
85
28
47
47
80
97
99
69
87
14
47
35
52
62
76
7
70
35
54
42
89
29
59
57
50
64
57
4
82
52
71
22
79
40
23
43
21
97
44
0
0
82
51
52
4
78
17
42
11
18
41
60
57
60
9
50
76
4
92
8
30
48
42
5
72
9
74
20
34
65
60
18
88
5
28
43
36
44
83
78
93
99
9
79
81
36
61
13
45
68
58
1
52
5
72
89
82
29
68
47
34
20
9
60
10
57
23
22
38
16
61
98
45
35
94
90
79
20
89
6
65
96
89
97
99
63
52
72
45
37
0
62
92
68
19
25
74
57
85
38
44
86
98
47
9
69
80
69
69
42
71
37
37
40
71
22
46
7
6
64
71
18
22
80
12
26
71
20
9
80
85
9
53
91
15
16
86
60
77
51
53
87
60
30
41
25
50
70
16
83
71
47
34
54
13
79
75
58
66
17
53
8
58
2
10
78
84
75
47
80
0
11
3
69
31
40
69
76
73
95
11
79
17
89
61
95
23
24
86
64
40
20
67
92
35
88
94
13
79
88
71
80
52
19
47
42
15
17
25
8
95
30
59
88
62
79
72
66
96
70
45
31
63
31
10
76
74
58
40
56
48
81
39
69
26
62
91
7
82
35
66
91
94
33
26
63
70
27
75
27
32
15
31
86
66
86
46
50
4
65
57
83
73
72
42
28
54
91
91
46
15
84
34
22
98
83
91
33
72
88
18
89
24
56
65
25
90
52
14
79
87
12
94
17
86
69
30
93
8
83
70
70
62
8
58
45
46
46
12
49
27
59
70
94
43
60
79
85
59
12
84
72
88
66
26
50
91
59
82
44
50
21
49
64
11
81
42
47
93
2
97
99
11
79
38
84
63
30
69
15
74
70
17
36
59
86
1
45
80
74
15
97
30
51
49
73
63
82
96
42
68
60
54
23
30
84
73
1
90
94
53
49
0
96
0
19
52
11
37
98
4
58
53
76
76
7
15
58
90
94
22
84
94
0
84
8
22
69
63
23
48
73
61
32
13
45
63
34
67
34
1
92
29
66
33
88
16
94
56
69
8
11
93
10
40
20
36
10
17
53
40
3
85
65
4
73
78
48
95
63
27
76
13
91
65
93
10
14
96
76
20
56
40
82
6
91
52
44
34
20
57
56
71
74
89
63
10
4
46
94
98
21
90
57
44
65
62
89
12
13
46
10
15
44
81
0
31
33
45
14
2
6
87
82
2
28
13
92
84
59
62
94
2
22
21
19
9
40
2
96
34
48
5
99
26
32
29
58
94
43
91
47
5
27
48
41
62
77
43
49
20
36
68
88
64
11
30
88
31
29
61
70
39
47
36
11
3
29
49
52
14
45
64
24
56
36
98
22
31
11
87
13
31
75
40
21
57
34
81
18
95
84
2
15
57
72
51
36
67
35
63
36
60
4
53
71
80
54
96
93
64
19
46
60
66
40
92
98
68
5
29
93
81
93
3
91
37
36
85
20
88
64
87
26
53
99
83
32
13
27
76
34
64
35
93
56
35
57
64
44
13
3
41
60
31
54
62
26
62
45
24
25
79
87
42
9
7
73
44
50
49
49
54
29
19
86
35
14
58
74
26
13
38
63
40
11
10
75
32
86
49
79
29
29
63
87
69
55
11
51
67
67
96
87
42
15
60
24
17
64
32
58
77
11
34
35
