94
80
22
3
71
53
12
3
7
70
88
15
48
9
61
43
41
83
10
41
7
22
14
81
37
80
46
18
6
88
30
21
48
90
25
62
31
96
61
84
1
35
90
77
80
37
56
74
64
54
6
41
83
50
41
27
49
15
56
96
42
6
96
57
12
80
36
82
62
29
48
51
25
77
93
67
89
48
73
71
89
65
95
32
50
8
97
73
59
93
79
56
1
87
2
13
31
84
18
48
11
49
94
53
95
3
78
90
63
7
88
74
7
47
99
63
78
51
63
18
61
39
4
3
82
79
47
12
6
3
79
94
39
59
89
29
77
72
33
87
24
71
62
73
90
86
77
63
20
12
64
6
40
50
2
19
81
52
1
62
37
59
86
38
19
91
47
48
5
91
25
97
17
13
33
19
1
14
50
86
21
39
36
1
35
87
81
49
22
5
59
49
79
94
20
65
5
51
2
3
71
69
56
57
12
72
98
83
41
37
69
23
46
16
55
36
33
2
46
79
86
4
54
93
18
98
57
35
49
99
28
13
48
85
84
98
88
99
84
0
58
47
86
5
2
13
81
63
89
32
51
1
2
45
85
28
47
47
80
97
99
69
87
14
47
35
52
62
76
7
70
35
54
42
89
29
59
57
50
64
57
4
82
52
71
22
79
40
23
43
21
97
44
0
0
82
51
52
4
78
17
42
11
18
41
60
57
60
9
50
76
4
92
8
30
48
42
5
72
9
74
20
34
65
60
18
88
5
28
43
36
44
83
78
93
99
9
79
81
36
61
13
45
68
58
1
52
5
72
89
82
29
68
47
34
20
9
60
10
57
23
22
38
16
61
98
45
35
94
90
79
20
89
6
65
96
89
97
99
63
52
72
45
37
0
62
92
68
19
25
74
57
85
38
44
86
98
47
9
69
80
69
69
42
71
37
37
40
71
22
46
7
6
64
71
18
22
80
12
26
71
20
9
80
85
9
53
91
15
16
86
60
77
51
53
87
60
30
41
25
50
70
16
83
71
47
34
54
13
79
75
58
66
17
53
8
58
2
10
78
84
75
47
80
0
11
3
69
31
40
69
76
73
95
11
79
17
89
61
95
23
24
86
64
40
20
67
92
35
88
94
13
79
88
71
80
52
19
47
42
15
17
25
8
95
30
59
88
62
79
72
66
96
70
45
31
63
31
10
76
74
58
40
56
48
81
39
69
26
62
91
7
82
35
66
91
94
33
26
63
70
27
75
27
32
15
31
86
66
86
46
50
4
65
57
83
73
72
42
28
54
91
91
46
15
84
34
22
98
83
91
33
72
88
18
89
24
56
65
25
90
52
14
79
87
12
94
17
86
69
30
93
8
83
70
70
62
8
58
45
46
46
12
49
27
59
70
94
43
60
79
85
59
12
84
72
88
66
26
50
91
59
82
44
50
21
49
64
11
81
42
47
93
2
97
99
11
79
38
84
63
30
69
15
74
70
17
36
59
86
1
45
80
74
15
97
30
51
49
73
63
82
96
42
68
60
54
23
30
84
73
1
90
94
53
49
0
96
0
19
52
11
37
98
4
58
53
76
76
7
15
58
90
94
22
84
94
0
84
8
22
69
63
23
48
73
61
32
13
45
63
34
67
34
1
92
29
66
33
88
16
94
56
69
8
11
93
10
40
20
36
10
17
53
40
3
85
65
4
73
78
48
95
63
27
76
13
91
65
93
10
14
96
76
20
56
40
82
6
91
52
44
34
20
57
56
71
74
89
63
10
4
46
94
98
21
90
57
44
65
62
89
12
13
46
10
15
44
81
0
31
33
45
14
2
6
87
82
2
28
13
92
84
59
62
94
2
22
21
19
9
40
2
96
34
48
5
99
26
32
29
58
94
43
91
47
5
27
48
41
62
77
43
49
20
36
68
88
64
11
30
88
31
29
61
70
39
47
36
11
3
29
49
52
14
45
64
24
56
36
98
22
31
11
87
13
31
75
40
21
57
34
81
18
95
84
2
15
57
72
51
36
67
35
63
36
60
4
53
71
80
54
96
93
64
19
46
60
66
40
92
98
68
5
29
93
81
93
3
91
37
36
85
20
88
64
87
26
53
99
83
32
13
27
76
34
64
35
93
56
35
57
64
44
13
3
41
60
31
54
62
26
62
45
24
25
79
87
42
9
7
73
44
50
49
49
54
29
19
86
35
14
58
74
26
13
38
63
40
11
10
75
32
86
49
79
29
29
63
87
69
55
11
51
67
67
96
87
42
15
60
24
17
64
32
58
77
11
34
35
10
57
71
1
28
2
95
51
93
60
58
69
29
86
56
8
55
91
50
22
37
16
91
0
2
72
67
38
70
12
63
55
88
34
88
54
57
37
35
16
71
91
20
30
34
98
57
97
81
44
57
52
74
87
57
50
78
19
33
51
83
18
90
77
5
80
69
16
80
30
95
63
40
77
67
94
53
88
90
5
72
70
83
69
37
32
50
29
48
27
47
59
36
10
64
90
19
51
29
30
92
86
85
96
93
56
61
84
91
33
56
40
58
87
6
28
71
69
26
27
83
1
19
19
55
75
66
16
79
84
65
6
63
19
11
74
89
81
67
71
4
96
31
84
58
91
47
70
92
39
90
33
44
54
55
9
41
46
27
84
69
8
88
44
79
10
20
21
47
27
98
55
83
1
18
11
36
91
33
53
3
75
73
31
52
89
47
32
67
16
63
96
38
29
48
21
26
41
99
57
87
87
46
96
92
77
82
63
7
99
1
3
58
33
64
99
2
27
0
85
97
89
65
45
50
98
63
86
29
71
99
4
78
54
9
12
77
46
43
68
91
48
69
10
32
6
20
70
19
34
75
33
55
55
74
13
59
55
99
60
82
91
43
15
72
73
13
36
79
49
8
84
97
34
8
21
43
86
64
9
73
65
30
83
62
44
84
6
37
7
17
0
87
14
45
80
55
93
24
56
60
77
90
37
44
58
34
32
32
13
65
16
75
23
82
84
5
27
25
36
89
53
42
22
23
6
29
45
22
55
70
48
70
52
49
8
73
6
66
68
25
42
67
75
22
66
75
46
53
64
83
81
7
21
94
59
47
15
73
87
37
3
55
81
19
55
86
13
16
96
47
31
39
95
9
8
96
25
40
42
32
74
65
97
22
89
77
53
97
97
5
98
86
58
14
9
38
54
56
25
19
16
71
98
3
57
58
36
69
39
86
78
80
71
82
90
24
54
29
84
92
28
41
29
25
85
20
72
88
81
1
99
23
25
60
77
94
52
72
2
5
32
8
5
19
39
46
62
7
40
96
52
15
6
7
24
66
88
51
90
91
81
22
94
64
80
33
20
18
20
48
50
49
26
82
84
54
78
97
25
83
90
14
84
77
77
57
53
7
86
23
58
50
77
67
62
30
36
76
85
27
71
4
57
92
35
34
5
36
85
56
46
60
16
90
8
41
71
18
42
49
59
57
72
25
27
24
34
56
58
34
42
83
39
3
7
18
32
32
95
73
37
21
53
78
48
68
98
31
67
89
53
62
3
36
63
60
57
59
66
70
17
87
78
5
36
36
51
49
48
29
63
84
0
8
94
24
37
42
13
50
21
33
75
57
5
53
29
42
94
96
91
60
35
7
18
59
94
35
37
1
71
16
71
72
0
46
94
11
7
13
50
54
83
21
83
57
33
30
35
65
68
43
11
68
40
72
36
93
47
24
81
77
76
52
54
82
7
4
68
59
15
56
85
43
57
58
91
61
33
58
15
11
18
12
67
35
66
19
41
2
65
48
21
91
80
75
13
65
60
56
44
24
79
87
78
23
4
1
67
56
54
68
80
34
9
64
22
49
25
35
20
74
29
17
91
45
75
96
88
46
96
82
8
67
82
23
90
93
77
10
86
57
93
49
49
19
68
20
67
75
51
44
53
23
52
9
38
89
34
50
71
93
41
93
0
26
16
77
21
43
52
75
56
8
88
72
64
29
98
69
99
48
33
34
26
0
82
33
71
57
92
0
69
46
93
51
47
69
49
61
82
58
83
66
92
1
38
76
82
91
33
39
42
14
68
35
9
63
83
42
26
71
76
45
39
5
88
33
51
27
13
84
95
78
13
68
95
48
44
64
96
47
73
16
95
22
47
93
25
11
51
35
93
35
35
40
94
74
50
40
74
86
75
52
44
8
3
1
30
22
92
11
92
35
61
90
8
66
13
23
2
91
33
57
34
49
66
14
66
13
3
19
90
66
75
20
46
24
75
81
61
61
58
43
62
57
99
25
54
44
86
27
54
18
86
62
43
53
93
58
85
29
87
46
62
98
85
72
20
65
52
78
94
81
95
36
54
26
25
34
95
4
17
37
27
47
95
65
1
19
93
86
89
94
82
11
30
39
77
21
91
32
2
52
2
28
4
47
36
75
45
17
37
83
16
77
93
63
21
64
9
59
10
7
2
37
67
34
5
34
6
79
92
0
34
16
96
99
50
27
80
74
46
41
5
57
55
41
46
89
65
15
19
29
33
77
94
45
91
1
91
12
55
10
22
58
61
2
21
59
9
10
41
64
13
77
33
75
32
71
23
54
13
51
23
52
79
4
68
98
77
11
27
11
63
55
62
24
70
50
92
37
19
9
7
0
52
51
98
75
27
79
69
87
43
67
10
40
0
39
28
2
40
67
57
71
63
15
95
26
47
45
30
56
9
65
21
30
6
32
5
24
80
68
53
13
5
41
62
3
91
90
23
48
61
32
38
77
93
36
25
78
15
4
52
64
40
96
5
13
7
63
90
41
13
79
25
64
95
66
58
93
36
21
77
19
98
46
13
52
83
67
76
46
57
91
29
54
20
96
21
77
20
95
84
24
18
26
68
63
44
63
92
81
93
49
36
26
3
37
10
19
37
39
98
10
98
28
21
32
20
73
33
87
48
51
15
26
89
54
78
34
67
11
42
48
49
68
95
97
11
54
72
91
80
47
12
24
45
9
17
89
20
88
24
31
75
48
61
82
37
49
8
19
11
22
74
75
95
21
37
73
65
5
82
98
70
99
50
20
76
42
72
16
71
21
1
31
76
36
3
96
83
91
40
79
29
21
20
5
9
11
87
7
31
69
84
64
71
33
17
16
27
94
46
98
28
69
47
50
72
65
35
92
35
3
44
95
37
75
8
51
69
0
71
76
7
73
96
43
98
68
9
83
68
41
2
46
50
1
22
38
90
4
85
26
24
87
51
93
72
47
28
36
32
23
22
27
96
96
56
7
28
47
57
43
87
93
42
27
33
46
28
86
45
73
87
54
87
45
48
6
58
38
80
73
66
96
5
24
17
42
21
98
40
1
28
73
31
90
29
65
0
58
91
46
81
76
68
25
12
79
91
11
61
64
84
43
12
67
61
15
52
82
93
61
81
60
7
51
45
27
41
99
32
87
75
14
33
42
98
2
81
69
97
13
92
80
80
26
9
2
84
9
1
42
77
93
28
82
33
67
93
84
8
21
62
88
91
41
58
98
21
20
24
22
41
23
37
0
97
7
95
22
20
63
2
84
65
88
92
71
10
19
58
72
69
47
67
4
35
25
13
2
59
13
22
52
19
88
41
82
97
80
54
61
44
12
80
96
35
91
41
28
41
65
7
32
99
74
15
72
12
32
80
65
37
93
11
38
4
73
30
55
50
75
95
37
37
7
40
73
31
44
41
10
39
43
80
92
3
69
17
41
95
3
47
56
28
25
10
72
46
53
88
73
77
55
4
20
49
49
42
17
30
72
51
71
61
5
92
13
43
78
33
60
77
37
52
90
28
76
64
2
2
19
45
22
69
70
8
79
25
42
97
22
83
93
72
35
36
41
43
63
27
48
39
77
27
30
49
31
61
83
50
25
80
6
89
23
86
83
9
72
61
67
59
64
18
10
19
68
53
39
45
97
22
68
42
83
67
59
50
1
63
12
0
48
44
82
14
60
14
82
28
21
11
10
75
69
45
56
3
81
29
65
38
27
47
96
8
24
66
14
19
16
9
3
94
45
91
1
9
61
96
90
78
47
23
15
0
38
52
73
23
17
27
82
29
57
98
37
22
24
22
11
88
92
99
19
18
45
34
69
66
15
17
71
17
97
83
87
95
73
94
55
22
66
11
86
99
20
34
83
14
90
62
70
90
16
3
59
65
28
28
86
49
82
44
94
43
5
66
70
56
81
99
36
15
14
93
92
0
54
92
21
18
74
73
90
37
15
48
30
38
97
77
21
59
97
54
65
13
55
52
94
32
81
2
24
74
32
5
56
29
53
9
68
39
41
3
6
47
21
81
98
30
77
66
83
36
40
97
59
10
61
68
23
88
16
49
70
40
99
15
75
64
13
10
46
30
98
74
72
87
35
34
2
41
95
61
8
10
58
57
64
6
95
26
85
21
78
84
62
0
92
48
27
74
43
47
72
51
16
31
84
86
54
44
29
81
28
45
27
47
20
84
81
25
49
42
42
60
29
56
50
33
5
86
2
54
22
26
88
40
97
76
32
0
87
6
81
78
42
42
88
61
39
14
43
39
66
59
61
30
85
11
69
65
50
25
39
73
89
34
11
74
33
58
19
53
75
92
93
99
57
96
75
85
31
86
13
43
35
66
43
41
36
82
18
29
35
82
99
83
4
34
83
78
34
52
4
47
16
20
15
83
1
73
35
89
2
89
66
33
94
70
65
76
90
9
20
56
72
3
2
55
11
74
64
10
94
50
12
3
45
19
57
5
69
22
8
40
57
55
0
10
32
36
93
9
78
28
95
16
3
41
41
87
32
67
11
84
26
91
18
49
88
40
95
66
39
90
61
81
73
29
3
47
42
91
28
87
85
74
36
52
22
19
49
15
49
22
60
53
4
44
32
73
17
1
54
25
21
52
65
29
54
27
71
83
26
83
42
78
59
43
34
91
64
69
68
58
44
16
26
3
9
73
94
37
87
58
85
18
49
87
86
33
10
90
64
60
97
54
58
62
13
75
16
88
21
73
70
44
8
89
39
3
35
19
57
92
46
56
64
47
63
14
78
56
7
98
25
55
76
68
20
86
96
51
83
97
9
64
96
70
71
60
67
95
84
83
8
44
33
92
82
46
99
75
52
28
90
78
16
68
19
65
49
64
17
96
9
34
77
57
87
1
47
59
26
82
92
79
97
22
98
66
19
41
52
52
5
89
75
24
15
7
78
30
65
97
29
19
4
20
65
29
34
25
51
40
7
15
92
84
70
36
23
74
20
84
93
56
61
49
46
98
69
56
12
28
41
97
95
50
76
97
18
91
17
68
93
22
39
13
29
92
55
53
40
64
11
48
45
98
42
46
4
11
83
92
83
32
95
19
61
13
60
47
54
53
7
78
55
56
52
1
82
90
42
93
46
74
29
41
82
77
98
15
9
26
83
84
91
82
87
27
60
81
97
39
48
47
47
0
45
44
87
20
1
87
53
39
79
37
64
12
21
86
25
48
86
6
40
46
61
6
86
7
21
56
43
79
21
76
79
92
9
12
41
67
4
74
32
14
57
88
16
18
54
30
29
56
53
24
61
39
8
84
48
61
50
83
60
18
8
6
60
25
64
45
91
1
11
74
63
70
16
59
1
79
31
25
82
62
82
57
61
72
46
97
60
56
43
62
61
46
10
51
97
73
10
70
80
49
89
71
23
33
96
34
4
34
62
83
44
4
90
51
82
95
61
21
62
94
36
39
54
89
5
15
96
52
60
83
64
33
89
99
34
87
28
13
2
47
5
84
86
93
97
31
9
88
18
94
9
41
3
43
98
82
36
63
0
24
67
80
88
96
50
73
3
4
51
54
97
90
77
13
9
45
28
74
1
2
33
63
82
71
40
18
31
4
36
3
48
98
72
62
76
10
86
86
71
37
84
7
48
88
61
61
4
74
46
61
31
42
94
4
13
62
38
15
0
76
48
53
32
8
58
25
43
60
86
78
51
12
76
69
19
98
10
46
42
19
41
45
41
8
77
41
48
71
30
4
34
35
9
40
36
45
79
79
6
85
53
29
59
3
33
25
12
0
98
2
28
2
63
10
32
32
19
54
32
79
37
86
23
54
13
70
46
92
5
97
19
32
29
89
82
21
1
25
75
64
2
42
30
73
58
75
25
86
73
38
67
89
77
99
30
52
4
43
64
68
26
45
68
23
88
32
16
30
24
93
78
89
95
31
57
47
29
89
50
52
29
48
80
11
91
49
6
75
35
51
71
28
48
9
86
79
1
53
61
17
29
3
21
86
64
0
92
25
24
0
24
74
18
21
30
47
34
3
70
99
94
23
51
76
49
81
2
0
70
44
62
79
30
55
44
38
44
34
87
12
6
35
93
9
39
73
16
53
81
56
41
36
54
3
20
59
80
97
32
63
7
39
95
97
11
25
75
67
35
49
37
75
15
48
31
10
98
54
44
21
57
40
37
16
72
98
66
48
92
77
99
21
1
95
62
23
41
95
89
58
36
51
40
2
38
47
48
33
7
4
22
58
9
64
91
33
6
12
92
36
32
4
45
32
37
48
84
31
48
51
47
65
67
14
57
10
27
81
72
69
79
8
97
30
22
86
19
60
92
94
92
6
54
10
19
44
63
53
93
28
98
3
62
76
91
27
99
28
46
63
27
41
74
63
36
44
0
82
75
64
67
95
87
74
80
39
23
40
88
4
53
50
34
45
17
88
30
28
40
98
77
65
49
33
3
19
10
64
46
9
82
47
30
35
4
30
61
52
26
26
46
1
25
73
41
26
78
74
7
73
82
46
94
93
25
76
57
38
80
25
31
67
38
6
93
78
17
69
70
66
74
1
64
3
10
36
86
21
99
15
17
16
99
84
75
21
37
98
54
77
85
8
75
72
23
99
3
31
3
60
69
64
30
20
1
38
49
95
0
9
38
93
27
33
51
4
41
10
54
56
35
74
27
25
68
83
54
34
21
34
56
77
23
37
65
19
50
59
60
21
75
4
78
22
29
33
62
0
69
15
74
27
36
74
67
76
84
47
95
71
97
6
34
94
92
10
71
58
11
15
66
19
63
68
50
6
84
38
54
92
84
68
33
5
52
60
69
69
11
94
68
74
28
29
64
71
14
91
96
34
53
92
73
49
89
4
75
37
93
2
49
55
94
5
92
27
0
44
74
84
21
91
48
90
87
13
32
23
11
44
50
57
41
62
82
79
25
38
96
35
20
68
23
52
71
51
97
88
55
58
19
13
40
31
74
97
79
86
31
12
83
80
13
9
69
96
75
43
58
61
53
48
57
88
16
66
67
38
11
60
59
11
48
56
82
62
30
73
15
74
52
51
99
55
85
79
24
35
69
34
83
21
73
24
4
72
15
13
30
74
80
76
73
8
38
86
81
77
63
47
58
36
7
18
32
95
35
64
85
94
20
25
54
87
18
85
72
62
72
46
84
60
9
57
67
91
34
47
97
67
7
51
13
83
68
96
48
8
66
55
2
23
53
99
23
94
0
16
93
57
26
6
42
63
11
8
83
77
55
77
7
13
97
46
11
90
29
89
51
2
86
23
70
30
84
72
42
72
92
52
0
80
9
73
63
42
89
32
23
60
29
33
26
23
66
15
52
47
72
98
60
78
63
89
32
46
82
93
80
97
99
93
0
55
5
98
11
16
72
18
60
18
62
21
9
65
10
4
63
89
74
27
61
27
70
9
31
43
29
99
39
67
73
56
61
22
5
31
16
35
56
77
21
43
44
29
2
14
34
94
86
0
49
42
88
90
47
16
96
15
6
17
84
67
65
63
95
32
6
53
13
97
77
63
0
91
36
89
36
83
83
1
96
21
14
87
37
5
99
32
61
78
9
47
68
5
9
44
85
15
39
77
26
86
69
54
42
38
10
53
97
26
6
0
26
53
40
54
28
57
92
37
87
1
38
24
30
19
65
6
4
48
12
68
64
85
32
37
91
32
12
82
32
51
97
85
76
94
85
83
13
44
45
16
25
88
66
72
44
1
56
17
48
74
29
75
17
12
50
76
79
42
48
74
79
18
3
74
1
24
49
55
23
71
54
2
72
86
36
96
58
40
92
1
11
55
82
49
66
92
92
12
62
21
95
21
59
41
34
75
38
87
54
13
14
32
13
46
65
96
89
31
80
54
97
94
18
31
81
40
20
20
25
93
70
63
91
94
13
21
12
4
8
56
51
39
33
28
97
99
40
31
30
98
7
14
34
40
92
94
52
6
92
73
58
95
7
57
89
10
39
11
56
60
99
75
69
4
12
57
36
29
45
22
70
21
6
1
89
51
4
49
38
32
99
5
44
44
34
29
79
53
29
12
17
59
90
32
86
10
34
26
91
10
84
48
46
49
56
85
99
19
0
52
63
23
40
52
96
89
34
47
54
41
29
35
56
49
10
21
35
82
39
99
11
43
46
42
0
64
44
25
46
53
68
13
55
71
61
62
19
89
61
80
75
8
7
25
14
31
4
64
85
84
26
75
43
31
2
80
74
16
4
87
72
29
57
57
91
77
87
16
33
79
6
83
58
9
45
53
20
4
95
43
41
8
25
37
52
18
41
83
35
24
38
93
17
71
54
25
32
16
80
5
82
90
66
24
21
68
90
97
14
90
34
54
18
67
82
41
77
47
22
47
8
16
54
62
81
17
66
55
54
88
9
89
4
76
50
99
89
68
54
41
92
46
42
54
1
45
20
31
97
28
91
51
67
25
80
55
96
44
48
60
67
28
55
42
6
59
97
22
30
34
79
81
39
3
78
48
80
83
78
55
70
35
91
65
16
97
90
25
51
64
87
49
99
68
8
52
26
71
22
26
6
23
14
11
80
71
58
29
14
91
91
95
55
95
85
11
57
99
84
21
85
76
89
3
56
11
16
71
17
19
3
30
14
27
53
25
35
78
16
78
67
39
31
87
65
26
30
2
42
79
76
40
91
22
73
43
83
37
40
23
36
36
57
33
1
98
4
48
55
76
81
7
50
42
9
97
47
76
8
24
96
80
40
19
3
69
52
11
42
74
63
43
77
9
87
80
20
63
42
47
2
69
92
21
98
44
34
32
2
29
67
25
5
10
71
14
80
68
86
11
95
0
58
79
31
99
91
67
58
38
72
38
30
20
15
98
57
20
7
88
35
68
34
2
76
17
55
30
26
28
34
80
53
62
53
18
69
81
51
16
9
43
54
55
42
85
22
72
27
42
30
66
4
1
73
55
20
6
1
68
35
85
3
94
44
5
7
46
10
8
8
20
60
40
71
7
44
40
93
50
35
66
11
46
75
26
89
34
69
64
39
0
7
91
91
28
70
22
19
17
84
81
81
48
34
84
68
76
